((("~/ecwl.apk" .
   [1 0 0 0 0 0 0 0 0 0])
  ("path" .
   [1 0 0 0])
  ("views" .
   [1 0 1 0 0])
  ("pathlib" .
   [0 0 0 0 1 0 0])
  ("django" .
   [0 0 1 0 0 0])
  ("pay" .
   [2 0 0])
  ("span" .
   [1 0 0 0])
  ("const" .
   [1 0 0 0 0])
  ("sm" .
   [1 0])
  ("guest" .
   [0 0 0 0 1])
  ("sel" .
   [3 0 0])
  ("if" .
   [1 0])
  ("grey" .
   [1 0 0 0])
  ("12px" .
   [1 0 0 0])
  ("jwt" .
   [2 0 0])
  ("get_data" .
   [0 0 0 1 0 0 0 0])
  ("ReactDOM" .
   [3 0 0 0 0 0 0 0])
  ("App" .
   [1 0 0])
  ("target" .
   [1 0 0 0 0 0])
  ("publ_key" .
   [0 0 0 0 0 1 0 0])
  ("minSleep" .
   [0 0 0 1 0 0 0 0])
  ("unfamiliarity" .
   [0 0 1 1 0 0 0 0 0 0 0 0 0])
  ("hoursRemaining" .
   [0 0 2 0 1 0 0 0 0 0 0 0 0 0])
  ("familiarity" .
   [0 0 2 2 0 0 0 0 0 0 0])
  ("secondString" .
   [0 0 0 0 0 0 0 1 0 0 0 0])
  ("firstString" .
   [1 0 0 0 0 0 0 0 0 0 0])
  ("secondDecimal" .
   [0 0 0 0 0 0 0 0 1 0 0 0 0])
  ("firstDecimal" .
   [1 0 0 0 0 0 0 0 0 0 0 0])
  ("firstLine" .
   [0 0 0 1 0 0 0 0 0])
  ("secondInteger" .
   [0 0 1 0 0 0 0 0 0 0 0 0 0])
  ("firstInteger" .
   [0 0 0 0 0 1 0 0 0 0 0 0])
  ("let" .
   [2 0 0])
  ("js2-mode" .
   [1 0 0 0 0 0 0 0])
  ("$maxq" .
   [0 0 0 1 0])
  ("abs(" .
   [0 0 1 0])
  ("$revenue" .
   [0 0 0 0 2 0 0 0])
  ("$profit" .
   [1 0 0 0 0 0 0])
  ("$fees" .
   [1 0 0 0 0])
  ("break" .
   [0 0 0 1 0])
  ("mixed $string,mixed $replacement,mixed $start" .
   [0 0 0 0 0 0 0 0 0 0 0 0 0 0 0 0 0 0 0 0 0 0 0 0 0 0 0 0 0 0 0 0 0 0 0 0 0 0 0 0 0 0 0 0 1])
  ("substr_replace(" .
   [0 0 0 0 0 0 0 1 0 0 0 0 0 0 0])
  ("$thumb_url" .
   [0 0 0 3 1 0 0 0 0 0])
  ("dbname" .
   [1 0 0 0 0 0])
  ("dbhost" .
   [1 0 0 0 0 0])
  ("$myglobs" .
   [0 0 0 1 0 0 0 0])
  ("$x" .
   [1 0])
  ("$row" .
   [0 0 1 0])
  ("bindValue(" .
   [0 0 0 1 0 0 0 0 0 0])
  ("$html_page" .
   [1 0 0 0 0 1 3 2 0 0])
  ("execute" .
   [1 0 0 1 0 0 0])
  ("prepare" .
   [1 0 0 0 0 0 0])
  ("$statement" .
   [1 0 1 0 7 0 0 0 0 0])
  ("$title" .
   [0 0 0 1 0 0])
  ("$html" .
   [3 0 2 2 0])
  ("string $filename" .
   [0 0 0 0 0 0 0 0 0 0 0 0 0 0 0 2])
  ("file_get_contents(" .
   [1 0 0 0 0 1 0 1 0 0 0 0 0 0 0 0 0 0])
  ("Products" .
   [1 0 0 0 0 0 0 0])
  ("$target_url" .
   [0 0 0 0 0 0 0 0 1 0 0])
  ("$image_prefix" .
   [0 0 0 0 0 0 0 0 0 0 1 0 0])
  ("prev(" .
   [0 0 0 0 1])
  ("$images" .
   [1 0 0 0 0 0 0])
  ("$image_url" .
   [0 0 0 3 0 1 0 1 0 0])
  ("$final_price" .
   [0 0 0 1 0 0 0 0 0 0 0 0])
  ("$api_data" .
   [0 0 0 0 1 0 0 0 0])
  ("forEach" .
   [0 0 0 0 0 1 0])
  ("$xmlData" .
   [0 0 2 1 0 0 0 0])
  ("$fd" .
   [1 0 0])
  ("$target" .
   [4 0 0 0 0 0 0])
  ("absolute" .
   [0 0 0 1 0 0 0 0])
  ("position" .
   [0 0 0 0 1 0 0 0])
  ("noRegister" .
   [1 0 0 0 0 0 0 0 0 0])
  ("register" .
   [1 0 0 0 0 0 0 0])
  ("15px" .
   [2 0 0 0])
  ("padding-left" .
   [0 0 1 0 0 0 0 0 1 0 0 0])
  ("e" .
   [1])
  ("00B0F0" .
   [0 0 0 0 1 0])
  ("linear" .
   [0 0 0 1 0 0])
  ("$cur_lang" .
   [0 0 0 0 0 1 0 0 0])
  ("English" .
   [1 0 0 0 0 0 0])
  ("$secondary_menu" .
   [0 0 0 1 0 0 0 0 0 0 0 0 0 0 0])
  ("$main_menu" .
   [2 0 0 1 1 0 0 0 0 0])
  ("$pageName" .
   [0 1 0 0 0 0 0 0 0])
  ("$page" .
   [1 0 0 0 2])
  ("$currentPage" .
   [0 0 0 1 0 0 0 0 0 0 0 0])
  ("dataSetSize" .
   [0 0 2 0 0 0 0 0 0 0 0])
  ("inX" .
   [1 0 0])
  ("tile" .
   [0 0 0 1])
  ("diffMat" .
   [0 0 0 1 0 0 0])
  ("create" .
   [1 0 0 0 0 0])
  ("c" .
   [3])
  ("labels" .
   [0 0 0 1 0 0])
  ("Large" .
   [0 0 1 0 0])
  ("group" .
   [0 0 0 0 2])
  ("import" .
   [0 0 0 0 0 2])
  ("array" .
   [1 1 0 0 0])
  ("np" .
   [3 0])
  ("rrrrrrrrr" .
   [0 0 0 1 0 0 0 0 0])
  (")" .
   [1])
  ("$totals" .
   [1 0 0 1 0 1 0])
  ("string $filename)" .
   [0 0 0 0 0 0 0 0 0 0 0 0 0 0 0 0 1])
  ("lstat(" .
   [0 0 1 0 0 0])
  ("xxyy" .
   [1 0 0 0])
  ("g" .
   [1])
  ("store" .
   [3 0 0 0 0])
  ("array_keys" .
   [0 0 0 0 0 0 0 1 0 0])
  ("array_key" .
   [1 0 0 1 0 0 0 0 0])
  ("$value" .
   [2 0 0 0 0 0])
  ("array &$array,mixed $value1" .
   [0 0 0 0 0 0 0 0 0 0 0 0 0 0 0 0 0 0 0 0 0 0 0 0 0 0 1])
  ("array_push(" .
   [0 0 0 0 0 0 0 1 0 0 1])
  ("$abs_A" .
   [1 0 5 1 0 0])
  ("array_walk(" .
   [0 0 0 0 0 0 0 0 0 0 1])
  ("for" .
   [0 0 1])
  ("$numbers" .
   [0 0 0 0 1 0 0 0])
  ("$cost" .
   [2 0 0 0 0])
  ("$Q" .
   [3 0])
  ("$P" .
   [1 0])
  ("echo" .
   [1 0 2 1])
  ("$distinct_A" .
   [0 0 0 1 0 0 0 0 0 0 0])
  ("$flags" .
   [2 0 0 4 1 0])
  ("array_fill(" .
   [0 1 0 1 0 0 0 0 0 0 0])
  ("$right_A" .
   [0 0 2 0 0 0 0 0])
  ("$diff" .
   [1 0 1 0 0])
  ("$left_A" .
   [0 0 1 0 0 2 0])
  ("$min" .
   [4 0 1 0])
  ("$sum_A" .
   [2 0 0 1 0 0])
  ("$missing_el" .
   [0 0 0 0 1 0 0 0 0 0 0])
  ("$test_array" .
   [0 1 1 1 0 0 0 0 0 0 0])
  ("$A2" .
   [4 0 0])
  ("$A" .
   [12 3])
  ("$K" .
   [6 0])
  ("count(" .
   [9 0 2 0 0 0])
  ("sort(" .
   [0 0 0 0 1])
  ("substr(" .
   [2 0 0 1 0 0 0])
  ("$solution" .
   [0 0 0 0 2 0 0 0 0])
  ("return" .
   [4 0 0 2 0 0])
  ("$subA" .
   [0 0 0 0 2])
  ("array $array)" .
   [0 0 0 0 0 0 0 0 0 0 0 0 2])
  ("array_sum(" .
   [1 0 2 1 0 0 0 0 1 2])
  ("$suba2" .
   [4 0 0 0 0 0])
  ("$suba1" .
   [2 0 1 0 0 0])
  ("array $array,int $offset" .
   [0 0 0 0 0 0 0 0 0 0 0 0 0 0 0 0 0 0 0 0 0 0 0 2])
  ("array_slice(" .
   [0 0 0 0 0 0 0 0 2 0 0 1])
  ("$suba" .
   [0 0 0 0 1])
  ("mixed $expression" .
   [0 3 0 0 0 0 0 0 0 0 0 0 0 0 0 0 4])
  ("print_r(" .
   [0 0 3 1 1 0 2 0])
  ("levenshtein(" .
   [0 0 0 0 0 0 0 0 0 0 0 1])
  ("$eq_index" .
   [0 0 0 1 0 0 0 0 0])
  ("$length" .
   [2 1 7 5 1 0 0])
  ("$test" .
   [4 1 0 0 0])
  ("solution" .
   [1 0 1 0 0 0 0 0])
  ("$name" .
   [1 0 0 1 0])
  ("trim(" .
   [0 0 1 0 1])
  ("$test_var" .
   [0 1 0 0 0 0 0 0 0])
  ("head" .
   [1 0 0 0])
  ("fopen(" .
   [0 0 0 2 0 1])
  ("$total" .
   [0 0 1 0 0 0])
  ("$v" .
   [1 0])
  ("$vowe" .
   [0 0 0 0 1])
  ("$flag" .
   [1 0 0 0 0])
  ("$cc" .
   [7 0 0])
  ("$vowels" .
   [3 0 0 0 0 0 0])
  ("$cv" .
   [20 1 0])
  ("$p" .
   [1 0])
  ("test" .
   [1 0 0 0])
  ("$password" .
   [1 0 0 1 0 0 0 0 0])
  ("password_" .
   [1 0 0 0 0 0 0 0 0])
  ("PHP_EOL" .
   [9 6 6 3 0 0 0])
  ("$consonant" .
   [1 0 0 0 0 0 0 0 0 0])
  ("$consonants" .
   [1 0 0 0 0 0 0 0 0 0 0])
  ("$consonut" .
   [0 0 1 0 0 0 0 0 0])
  ("constant(" .
   [0 0 0 0 0 0 0 0 1])
  ("$letter" .
   [0 0 1 1 0 0 0])
  ("$consonuts" .
   [2 0 0 1 1 0 0 0 0 0])
  ("$ascii" .
   [1 0 0 1 0 0])
  ("$candies" .
   [1 0 0 0 0 0 0 0])
  ("$n" .
   [12 0])
  ("$t" .
   [2 0])
  ("$round" .
   [1 0 1 0 0 0])
  ("$r1" .
   [1 0 0])
  ("$r2" .
   [2 0 0])
  ("$l" .
   [1 0])
  ("float $value)" .
   [0 0 0 0 0 0 0 0 0 0 0 0 3])
  ("ceil(" .
   [0 0 1 1 0])
  ("string $string)" .
   [0 0 0 0 0 0 0 0 0 0 0 0 0 0 1])
  ("strlen(" .
   [2 0 0 1 0 0 0])
  ("$s2" .
   [1 0 0])
  ("fscanf" .
   [0 0 0 1 0 0])
  ("fget" .
   [0 0 0 1])
  ("$s1" .
   [1 0 1])
  ("A" .
   [3])
  ("fonts" .
   [1 0 0 0 0])
  ("css" .
   [3 0 0])
  ("icon" .
   [1 0 0 0])
  ("tags" .
   [1 0 0 0])
  ("$product" .
   [0 0 0 1 0 0 0 0])
  ("$number" .
   [1 1 1 1 1 0 0])
  ("$tax_percent" .
   [0 0 0 2 0 0 0 0 0 0 0 0])
  ("$id" .
   [5 0 0])
  ("findOne" .
   [1 0 0 0 0 0 0])
  ("$client" .
   [1 0 0 0 0 0 0])
  ("M" .
   [2])
  ("Model" .
   [1 0 0 0 0])
  ("Clients" .
   [0 1 0 0 0 0 0])
  ("$users" .
   [26 0 0 0 0 0])
  ("admin" .
   [2 0 0 0 0])
  ("$userdata" .
   [1 0 1 0 0 0 0 0 0])
  ("$user" .
   [8 0 0 0 0])
  ("id" .
   [2 0])
  ("i" .
   [10])
  ("app" .
   [1 0 0])
  ("getAuthKey" .
   [0 0 0 0 2 0 0 0 0 0])
  ("getId" .
   [1 0 0 1 0])
  ("name" .
   [3 0 0 0])
  ("var_dump(" .
   [2 1 1 0 7 2 0 0 0])
  ("user" .
   [5 0 0 0])
  ("users" .
   [3 0 0 0 0])
  ("username" .
   [1 0 0 0 0 0 0 0])
  ("ul" .
   [3 0])
  ("$client_numbers" .
   [2 1 0 0 1 0 1 0 0 0 0 0 0 0 0])
  ("$clients" .
   [4 0 0 1 0 0 0 0])
  ("a" .
   [16])
  ("em" .
   [1 0])
  ("int" .
   [2 0 0])
  ("text" .
   [2 0 0 0])
  ("mixed $var)" .
   [0 0 0 0 0 0 0 0 0 0 2])
  ("floatval(" .
   [1 0 0 2 0 1 0 0 0])
  ("$error" .
   [1 0 0 0 0 0])
  ("view" .
   [1 0 0 0])
  ("$this" .
   [1 1 0 4 0])
  ("$recaptcha_response" .
   [0 0 0 0 2 1 0 0 0 0 0 0 0 0 0 0 0 0 0])
  ("public" .
   [0 0 1 0 0 1])
  ("$dom" .
   [1 0 2 0])
  ("nodeName" .
   [1 0 0 0 0 0 0 0])
  ("tagName" .
   [0 0 0 0 0 1 0])
  ("$link" .
   [0 0 1 0 0])
  ("$captcha_image" .
   [0 0 1 0 0 0 0 0 0 0 0 0 0 0])
  ("$html_code" .
   [0 0 0 0 0 0 1 0 0 0])
  ("$target_domain" .
   [0 0 1 0 0 0 0 0 0 0 0 0 0 0])
  ("$url" .
   [3 1 2 2])
  ("Prettifier" .
   [0 0 0 0 1 0 0 0 0 0])
  ("Make" .
   [1 0 0 0])
  ("prettier" .
   [1 0 0 0 0 0 0 0])
  ("phpinfo(" .
   [0 0 0 13 0 0 0 1])
  ("string $format,mixed $args" .
   [0 0 0 0 0 0 0 0 0 0 0 0 0 0 0 0 0 0 0 0 1 0 0 0 0 0])
  ("localtime(" .
   [0 0 1 0 0 0 0 0 0 0])
  ("string $format,mixed $args,mixed $__args__ )" .
   [0 0 0 0 0 0 0 0 0 0 0 0 0 0 0 0 0 0 0 0 0 0 0 0 0 0 1 0 0 0 0 0 0 0 0 0 0 0 0 0 0 0 0 0])
  ("printf(" .
   [4 0 2 1 0 0 3])
  ("register_" .
   [1 0 0 0 0 0 0 0 1])
  ("Cutoff" .
   [0 0 0 1 0 0])
  ("URL" .
   [2 0 0])
  ("free" .
   [1 0 0 0])
  ("DigitalForge" .
   [2 0 0 0 0 0 0 0 0 0 0 0])
  ("URLs" .
   [5 0 0 0])
  ("us" .
   [1 0])
  ("t" .
   [6])
  ("here" .
   [3 0 0 0])
  ("munging" .
   [1 0 0 0 0 0 0])
  ("php" .
   [16 0 0])
  ("$domain" .
   [5 0 0 0 0 0 0])
  ("$dbname" .
   [0 0 0 0 1 0 0])
  ("s" .
   [4])
  ("$num_rec" .
   [1 0 0 0 0 0 0 0])
  ("$records" .
   [5 0 0 2 0 0 0 0])
  ("$c" .
   [39 0])
  ("$fh" .
   [2 0 0])
  ("json_encode(" .
   [0 0 0 0 0 1 0 0 0 0 0 0])
  ("mixed $value" .
   [0 0 0 0 0 0 0 0 0 0 0 1])
  ("$_POST" .
   [1 0 0 0 0 0])
  ("$result" .
   [5 2 1 3 2 1 0])
  ("$travel_date" .
   [0 0 0 0 1 0 0 0 0 0 0 0])
  ("$car_no" .
   [2 0 0 0 0 0 0])
  ("$strSQL" .
   [0 0 0 1 1 0 0])
  ("trader_dx(" .
   [0 0 0 0 0 0 0 0 0 1])
  ("car_no" .
   [1 0 0 0 0 0])
  ("train_number" .
   [1 0 0 0 0 0 0 0 0 0 0 0])
  ("$quantity" .
   [1 0 0 0 0 0 0 0 0])
  ("$no" .
   [1 0 0])
  ("cont1" .
   [0 0 0 0 1])
  ("cont2" .
   [1 0 0 0 0])
  ("$cont1" .
   [1 0 0 0 0 0])
  ("$rntest" .
   [0 0 0 1 0 0 0])
  ("$rn" .
   [1 0 0])
  ("$db" .
   [1 0 0])
  ("TRUE" .
   [0 0 1 0])
  ("8LV8B8O8zL9C6c6z6Kt7129O706I6i7B7E7Y6E9Q8Q7R" .
   [1 0 0 0 0 0 0 0 0 0 0 0 0 0 0 0 0 0 0 0 0 0 0 0 0 0 0 0 0 0 0 0 0 0 0 0 0 0 0 0 0 0 0 0])
  ("isset" .
   [1 0 0 0 0])
  ("$params" .
   [1 0 0 0 0 0 0])
  ("div" .
   [1 0 0])
  ("d" .
   [1])
  ("dev" .
   [1 0 0])
  ("x" .
   [2])
  ("must" .
   [1 0 0 0])
  ("numbers" .
   [1 0 0 0 0 0 0])
  ("true" .
   [8 0 0 0])
  ("false" .
   [8 0 0 0 0])
  ("index" .
   [2 0 0 0 0])
  ("li" .
   [2 0])
  ("FAQ" .
   [1 0 0])
  ("of" .
   [1 0])
  ("redirects" .
   [0 0 0 0 0 1 0 0 0])
  ("request" .
   [1 0 0 0 0 0 0])
  ("dashboard" .
   [1 0 0 0 0 0 0 0 0])
  ("tools" .
   [1 0 0 0 0])
  ("an" .
   [2 0])
  ("may" .
   [1 0 0])
  ("script" .
   [1 0 0 0 0 0])
  ("$handle" .
   [1 0 1 2 0 0 0])
  ("$input" .
   [1 0 0 2 0 0])
  ("$xxx" .
   [0 0 1 0])
  ("$aa" .
   [1 0 0])
  ("password" .
   [1 0 0 0 0 0 0 0])
  ("your" .
   [1 0 0 0])
  ("clients" .
   [1 0 0 0 0 0 0])
  ("page" .
   [1 0 0 0])
  ("Yii" .
   [1 0 0])
  ("balance" .
   [1 0 0 0 0 0 0])
  ("self" .
   [4 0 0 0])
  ("User" .
   [8 0 0 0])
  ("Client" .
   [5 1 0 0 0 0])
  ("print" .
   [0 0 0 0 1])
  ("$i" .
   [1 0])
  ("$d" .
   [3 0])
  ("$s" .
   [4 0])
  ("$meal_cost" .
   [0 0 1 1 0 0 0 0 0 0])
  ("$tip_percent" .
   [0 0 1 0 0 0 0 0 0 0 0 0])
  ("$initialAge" .
   [0 0 0 0 1 0 1 0 0 0 0])
  ("age" .
   [1 0 0])
  ("$arr" .
   [1 0 0 0])
  ("$X" .
   [5 0])
  ("$Y" .
   [4 0])
  ("$e" .
   [2 0])
  ("$w" .
   [1 0])
  ("$steps" .
   [2 0 0 1 1 0])
  ("EXT_ERROR" .
   [0 0 0 0 0 1 0 0 0])
  ("$command" .
   [4 0 1 0 0 0 0 0])
  ("substr" .
   [2 0 0 0 1 0])
  ("posX" .
   [1 0 0 0])
  ("initialize" .
   [0 0 0 1 0 0 0 0 0 0])
  ("$currentInstr" .
   [0 1 0 0 0 0 0 0 0 0 0 0 0])
  ("string $filename,string $mode" .
   [0 0 0 0 0 0 0 0 0 0 0 0 0 0 0 0 0 0 0 0 0 0 0 0 0 0 0 0 1])
  ("fclose(" .
   [0 0 0 0 1 0 0])
  ("resource $handle)" .
   [0 0 0 0 0 0 0 0 0 0 0 0 0 0 0 0 1])
  ("cos(" .
   [0 0 0 1])
  ("commentline" .
   [0 0 1 0 0 0 0 0 0 0 0])
  ("xxxx" .
   [1 0 0 0])
  ("include_once(" .
   [0 0 0 0 0 0 0 0 1 0 0 0 0])
  ("string $file_name)" .
   [0 0 0 0 0 0 0 0 0 0 0 0 0 0 0 0 0 1])
  ("decbin(" .
   [1 0 0 0 0 0 0])
  ("$binN" .
   [2 0 1 0 2])
  ("$N" .
   [2 0])
  ("func" .
   [1 0 0 0])
  ("function" .
   [4 0 0 0 0 0 0 2])
  ("$max_zero_length" .
   [0 0 0 2 1 0 0 0 0 0 0 0 0 0 0 0])
  ("current(" .
   [0 0 0 0 2 0 0 0])
  ("array &$array)" .
   [0 0 0 0 0 0 0 0 0 0 0 0 0 2])
  ("$current_zero_length" .
   [0 0 1 2 0 0 0 0 0 0 0 0 0 0 0 0 0 0 0 0])
  ("$A1" .
   [2 0 1])
  ("$shifts" .
   [0 0 1 0 0 0 0])
  ("$array" .
   [1 0 0 0 0 0])
  ("$lengthA" .
   [1 0 0 1 0 0 0 0])
  ("$D" .
   [1 0])
  ("$len" .
   [0 0 1 1])
  ("define(" .
   [1 0 0 0 0 0 0])
  ("$check" .
   [2 0 0 1 0 0])
  ("$" .
   [8])
  ("$h_weeks" .
   [1 0 1 0 0 0 0 0])
  ("$B" .
   [2 0])
  ("$W" .
   [1 0])
  ("$starting_date" .
   [0 0 1 2 0 0 0 0 0 0 0 0 0 0])
  ("$ending_date" .
   [0 0 2 0 0 0 0 0 0 0 0 0])
  ("flock(" .
   [0 0 1 0 0 0])
  ("floor(" .
   [0 0 0 0 1 0])
  ("intval(" .
   [0 0 0 0 0 0 1])
  ("$dFirst" .
   [0 0 2 0 0 0 0])
  ("$dLast" .
   [0 0 2 0 0 0])
  ("$h_days" .
   [3 0 1 1 0 0 0])
  ("date_create" .
   [0 0 0 0 0 1 0 0 0 0 0])
  ("days" .
   [1 0 0 0])
  ("$date_A" .
   [1 0 0 1 0 0 0])
  ("$months" .
   [0 0 1 1 0 0 0])
  ("$date_B" .
   [1 0 0 0 0 0 0])
  ("max" .
   [1 0 0])
  ("define" .
   [1 0 0 0 0 0])
  ("$max" .
   [2 0 1 0])
  ("int $start_index,int $num,mixed $value)" .
   [0 0 0 0 0 0 0 0 0 0 0 0 0 0 0 0 0 0 0 0 0 0 0 0 0 0 0 0 0 0 0 0 0 0 0 0 0 0 1])
  ("$distinct" .
   [0 0 1 0 0 1 0 0 0])
  ("$mapA" .
   [1 0 0 1 0])
  ("$mu" .
   [4 0 1])
  ("$results" .
   [0 0 0 1 0 0 0 0])
  ("$c=0" .
   [0 1 0 0])
  ("$data" .
   [1 0 1 3 0])
  ("idate(" .
   [0 0 1 0 0 0])
  ("$response" .
   [1 0 0 0 3 0 0 0 0])
  ("db" .
   [1 0])
  ("Prepared" .
   [0 0 0 1 0 0 0 0])
  ("$q" .
   [1 0])
  ("getData" .
   [0 0 0 1 0 0 0])
  ("find" .
   [1 0 0 0])
  ("Beacons" .
   [1 0 0 0 0 0 0])
  ("pass" .
   [0 0 0 1])
  ("while" .
   [0 0 0 2 0])
  ("test_function" .
   [0 0 0 0 0 3 0 0 0 0 0 0 0])
  ("far_var_dsfggggggggggggggg" .
   [0 0 0 2 0 0 0 0 0 0 0 0 0 0 0 0 0 0 0 0 0 0 0 0 0 0])
  ("variable" .
   [0 0 1 0 0 0 0 0])
  ("default" .
   [0 1 0 0 0 0 0])
  ("z-index" .
   [0 0 1 0 1 0 0])
  ("background-color" .
   [0 0 2 0 1 0 0 0 0 0 0 0 0 0 0 2])
  ("ffffff" .
   [4 0 0 0 0 0])
  ("*" .
   [13])
  ("border" .
   [1 0 0 0 0 0])
  ("1px" .
   [2 0 0])
  ("solid" .
   [2 0 0 0 0])
  ("deleteFilters" .
   [1 0 0 0 0 0 0 0 0 0 0 0 0])
  ("HW" .
   [1 0])
  ("inherit" .
   [0 0 0 1 0 0 0])
  ("to" .
   [1 0])
  ("border-bottom" .
   [1 0 0 0 0 0 0 0 0 0 0 0 0])
  ("text-align" .
   [0 0 0 0 0 0 0 0 0 1])
  ("center" .
   [0 0 1 0 0 0])
  ("width" .
   [2 0 0 0 2])
  ("360px" .
   [1 0 0 0 0])
  ("margin" .
   [1 0 0 0 0 1])
  ("auto" .
   [2 0 0 0])
  ("margin-bottom" .
   [0 0 0 1 0 1 0 1 0 0 0 0 0])
  ("20px" .
   [1 0 0 0])
  ("items" .
   [1 0 0 0 0])
  ("50px" .
   [1 0 0 0])
  ("calc" .
   [1 0 0 0])
  ("right" .
   [2 0 0 0 0])
  ("float" .
   [3 0 0 0 0])
  ("clear" .
   [1 0 0 0 0])
  ("both" .
   [1 0 0 0])
  ("1200px" .
   [1 0 0 0 0 0])
  ("10px" .
   [1 0 0 0])
  ("padding" .
   [0 0 0 0 0 0 1])
  ("$item" .
   [0 0 0 1 0])
  ("$page_url" .
   [0 0 0 1 0 0 0 0 0])
  ("$length_to_get" .
   [0 0 0 1 0 0 0 0 0 0 0 0 0 0])
  ("$tags" .
   [1 0 0 0 0])
  ("var" .
   [3 0 1])
  ("url" .
   [2 0 0])
  ("$start" .
   [1 0 0 1 0 0])
  ("$url_share_link" .
   [0 0 1 0 0 0 0 0 0 0 0 0 0 0 0])
  ("extends" .
   [1 0 0 0 0 0 0])
  ("Men" .
   [2 1 0])
  ("$category" .
   [0 0 0 0 1 0 0 0 0])
  ("$step" .
   [2 0 0 0 0])
  ("$pos" .
   [1 0 0 0])
  ("$current_url" .
   [2 0 0 1 1 0 0 0 0 0 0 0])
  ("$ahrefs" .
   [1 0 0 0 0 0 0])
  ("$ahref" .
   [4 0 0 0 0 0])
  ("$mySQL_PDO" .
   [2 0 0 2 0 1 0 0 0 0])
  ("$extracted_url" .
   [0 0 0 0 0 0 0 0 1 0 0 0 0 0])
  ("exit" .
   [1 0 1 0])
  ("$h1" .
   [2 0 0])
  ("$obj" .
   [0 0 0 1])
  ("$el" .
   [3 0 0])
  ("innerHtml" .
   [0 0 0 1 0 0 0 0 0])
  ("innertext" .
   [2 0 0 0 0 0 1 0 0])
  ("$query" .
   [0 0 3 2 0 0])
  ("fetch" .
   [1 0 0 0 0])
  ("str_replace(" .
   [0 0 0 0 0 0 1 0 0 0 0 0])
  ("mixed $search,mixed $replace,mixed $subject" .
   [0 0 0 0 0 0 0 0 0 0 0 0 0 0 0 0 0 0 0 0 0 0 0 0 0 0 0 0 0 0 0 0 0 0 0 0 0 0 0 0 0 0 1])
  ("content" .
   [1 0 0 0 0 0 0])
  ("$string" .
   [3 0 2 1 6 0 0])
  ("strpos(" .
   [0 0 0 1 0 0 0])
  ("string $haystack,mixed $needle" .
   [1 0 0 0 0 0 0 0 0 0 0 0 0 0 0 0 0 0 0 0 0 0 0 0 0 0 0 0 0 0])
  ("$matted_data_pos" .
   [1 0 0 1 0 0 0 0 0 0 0 0 0 0 0 0])
  ("$images_pos" .
   [1 0 0 0 1 0 0 0 0 0 0])
  ("$left_br" .
   [2 0 0 0 0 0 0 0])
  ("$right_br" .
   [0 0 0 1 0 0 0 0 0])
  ("$jsn" .
   [0 0 0 1])
  ("$secret" .
   [0 0 0 1 0 0 0])
  ("$hmac" .
   [0 0 0 1 0])
  ("$ts" .
   [2 0 0])
  ("hash_hmac" .
   [0 0 0 0 0 1 0 0 0])
  ("$curl_h" .
   [0 0 0 3 1 0 0])
  ("$response_file" .
   [0 0 0 1 0 0 0 0 0 0 0 0 0 0])
  ("$curl_com" .
   [0 0 0 0 0 0 1 0 0])
  ("$myglobals" .
   [0 0 1 1 0 0 0 0 0 0])
  ("$zilingo_starting_id" .
   [0 0 1 0 0 0 0 0 0 0 0 0 0 0 0 0 0 0 0 0])
  ("$cat_depth" .
   [0 0 0 0 0 1 0 0 0 0])
  ("id_category" .
   [1 0 0 0 0 0 0 0 0 0 0])
  ("$art_sum" .
   [1 0 0 1 0 0 0 0])
  ("$articles" .
   [0 0 0 0 1 0 0 0 0])
  ("console" .
   [6 0 1 1 1 0 2])
  ("log" .
   [8 2 1])
  ("require" .
   [0 0 0 1 0 0 0])
  ("sha256" .
   [0 0 0 0 0 1])
  ("sizeof" .
   [0 0 0 0 1 1])
  ("reel1" .
   [5 0 0 1 0])
  ("reel2" .
   [1 0 0 0 0])
  ("reel3" .
   [1 0 0 0 0])
  ("reels" .
   [1 0 0 0 0])
  ("unsigned" .
   [0 0 0 0 1 0 0 0])
  ("spin" .
   [1 0 0 0])
  ("printf" .
   [2 0 0 1 0 0])
  ("spins" .
   [3 0 0 0 0])
  ("argc" .
   [5 0 0 0])
  ("argv" .
   [2 0 0 0])
  ("spots" .
   [4 0 0 1 0])
  ("reels_length" .
   [0 0 0 0 0 0 1 0 0 0 0 0])
  ("display" .
   [0 0 0 0 0 1 0])
  ("display_screen" .
   [0 0 0 0 0 0 0 0 1 0 0 0 0 0])
  ("pos" .
   [3 0 0])
  ("ser" .
   [5 0 0])
  ("result" .
   [7 0 1 0 0 0])
  ("getWinRes" .
   [0 0 0 1 0 0 0 0 0])
  ("cr" .
   [3 0])
  ("credits" .
   [2 0 1 0 0 0 0])
  ("bettingAmount" .
   [0 0 0 0 1 0 0 0 0 0 0 0 0])
  ("payout" .
   [4 0 0 2 0 0])
  ("localStorage" .
   [0 0 0 1 0 1 0 0 0 0 0 0])
  ("comb" .
   [2 0 0 0])
  ("Leave" .
   [1 0 0 0 0])
  ("betAm" .
   [2 0 0 0 0])
  ("get" .
   [3 0 0])
  ("set" .
   [3 0 0])
  ("rnd" .
   [2 0 0])
  ("state" .
   [3 0 0 0 0])
  ("reel" .
   [2 0 0 0])
  ("and" .
   [1 0 0])
  ("b" .
   [1])
  ("line" .
   [6 0 0 0])
  ("win_res" .
   [0 0 0 0 1 0 0])
  ("click" .
   [1 0 0 0 0])
  ("event" .
   [1 0 0 0 0])
  ("prevent" .
   [0 0 0 1 0 0 0])))
